5 0.9699791231732777 0.30577777777777776 0.011356993736951985 0.02074074074074074
5 0.9703340292275574 0.38383333333333336 0.011106471816283926 0.021333333333333333
5 0.9708246346555323 0.4647037037037037 0.010125260960334028 0.020203703703703703
5 0.9701670146137786 0.5440925925925926 0.011430062630480166 0.021907407407407407
5 0.9706680584551148 0.6233518518518518 0.010448851774530272 0.01874074074074074
5 0.9706680584551148 0.7024814814814815 0.012421711899791231 0.021111111111111112
5 0.9708246346555323 0.7817407407407407 0.010125260960334028 0.017907407407407407
0 0.291015625 0.2858615451388889 0.29296875 0.24774667245370371 0.2861328125 0.2390842013888889 0.2783203125 0.24254918981481483 0.2734375 0.26160662615740743 0.27734375 0.2858615451388889
3 0.6136951983298539 0.24690740740740744 0.02870563674321503 0.04938888888888889
3 0.3966597077244259 0.2307037037037037 0.026096033402922755 0.04475925925925926
3 0.2757515657620042 0.38966666666666666 0.029572025052192065 0.04783333333333333