5 0.9742901878914405 0.3293888888888889 0.014812108559498955 0.02735185185185185
5 0.9745302713987474 0.43524074074074076 0.01713987473903967 0.026166666666666668
5 0.9739457202505218 0.5411111111111111 0.014112734864300626 0.024981481481481483
5 0.9752192066805846 0.6486296296296297 0.012954070981210855 0.02546296296296296
5 0.9748643006263048 0.754962962962963 0.01467640918580376 0.02762962962962963
0 0.512348643006263 0.5285555555555556 0.022620041753653446 0.05709259259259259
3 0.33764091858037576 0.2692222222222222 0.02649269311064718 0.05127777777777778
3 0.37778705636743215 0.5142407407407408 0.0377348643006263 0.06551851851851852
3 0.36975991649269313 0.9059814814814815 0.031315240083507306 0.06268518518518519
3 0.513893528183716 0.6588333333333333 0.04014613778705637 0.05840740740740741
3 0.5183089770354906 0.25142592592592594 0.0377348643006263 0.049851851851851856