5 0.9699791231732777 0.30577777777777776 0.011356993736951985 0.02074074074074074
5 0.9703340292275574 0.38383333333333336 0.011106471816283926 0.021333333333333333
5 0.9708246346555323 0.4647037037037037 0.010125260960334028 0.020203703703703703
5 0.9701670146137786 0.5440925925925926 0.011430062630480166 0.021907407407407407
5 0.9706680584551148 0.6233518518518518 0.010448851774530272 0.01874074074074074
5 0.9706680584551148 0.7024814814814815 0.012421711899791231 0.021111111111111112
5 0.9708246346555323 0.7817407407407407 0.010125260960334028 0.017907407407407407
0 0.62890625 0.278931568287037 0.6328125 0.2754665798611111 0.634765625 0.24428168402777778 0.6298828125 0.23215422453703705 0.6220703125 0.23215422453703705 0.615234375 0.24428168402777778 0.615234375 0.26507161458333334 0.6201171875 0.2806640625
3 0.634133611691023 0.39429629629629626 0.03305845511482255 0.04783333333333333
3 0.7298225469728601 0.223 0.024352818371607514 0.04475925925925926
3 0.7363465553235907 0.9459814814814814 0.03740083507306889 0.06481481481481481