5 0.9699791231732777 0.30577777777777776 0.011356993736951985 0.02074074074074074
5 0.9703340292275574 0.38383333333333336 0.011106471816283926 0.021333333333333333
5 0.9708246346555323 0.4647037037037037 0.010125260960334028 0.020203703703703703
5 0.9701670146137786 0.5440925925925926 0.011430062630480166 0.021907407407407407
5 0.9706680584551148 0.6233518518518518 0.010448851774530272 0.01874074074074074
5 0.9706680584551148 0.7024814814814815 0.012421711899791231 0.021111111111111112
5 0.9708246346555323 0.7817407407407407 0.010125260960334028 0.017907407407407407
0 0.296875 0.07796223958333333 0.298828125 0.04331235532407408 0.2900390625 0.03464988425925926 0.28125 0.05024233217592593 0.28125 0.07103226273148149 0.2841796875 0.0796947337962963
3 0.2561795407098121 0.5601851851851852 0.030448851774530272 0.04938888888888889
3 0.7459081419624217 0.1442962962962963 0.02696242171189979 0.04475925925925926
3 0.7941858037578289 0.22994444444444445 0.026096033402922755 0.046296296296296294
3 0.8302922755741127 0.3364259259259259 0.02870563674321503 0.04938888888888889