5 0.9742901878914405 0.3293888888888889 0.014812108559498955 0.02735185185185185
5 0.9745302713987474 0.43524074074074076 0.01713987473903967 0.026166666666666668
5 0.9739457202505218 0.5411111111111111 0.014112734864300626 0.024981481481481483
5 0.9752192066805846 0.6486296296296297 0.012954070981210855 0.02546296296296296
5 0.9748643006263048 0.754962962962963 0.01467640918580376 0.02762962962962963
0 0.6080375782881002 0.4313333333333333 0.020876826722338204 0.05092592592592592
3 0.1939144050104384 0.0762037037037037 0.021680584551148224 0.03846296296296296
3 0.4251670146137787 0.19444444444444445 0.03453027139874739 0.052703703703703704
3 0.5994050104384134 0.17592592592592593 0.023288100208768266 0.047
3 0.48217118997912317 0.41238888888888886 0.02649269311064718 0.049851851851851856
3 0.613455114822547 0.547 0.038538622129436324 0.05698148148148148
3 0.4914091858037578 0.7678148148148148 0.03533402922755741 0.05412962962962963